68
2 35
11 10
15 31
3 20
57 51
33 19
62 40
31 13
22 8
7 38
49 16
51 32
44 7
19 20
50 1
18 36
43 6
56 33
23 2
54 27
32 21
58 41
55 34
64 60
24 62
21 22
6 1
42 64
67 6
29 17
5 48
38 50
59 26
45 54
66 31
60 12
12 55
61 18
17 20
46 39
34 38
53 55
48 45
39 44
40 63
52 29
41 61
37 28
47 54
14 1
13 4
28 13
8 9
27 37
26 3
36 2
35 68
16 62
9 5
10 16
20 61
25 24
1 10
30 33
65 42
4 14
63 68
7
28 13 6 27 2 15 16 60 49 46 43 11 33 41 23 65 12 7 35 67 14 28 50 61 38 64 39 53 19 
15 34 56 65 14 68 40 66 57 50 13 36 32 24 33 42 
5 8 34 47 57 20 
45 11 30 12 18 31 36 7 17 16 62 48 64 47 32 19 68 52 26 39 33 24 41 5 61 65 3 25 60 54 56 63 38 51 49 46 21 28 29 13 14 45 59 67 34 58 
25 37 68 11 51 63 40 52 34 21 58 22 33 50 26 32 47 2 41 39 4 6 56 1 38 35 
46 45 6 1 65 47 3 16 44 34 40 53 58 38 15 61 50 56 60 32 24 55 25 30 52 51 42 46 14 28 27 43 23 67 9 54 18 48 4 31 37 21 8 26 19 63 49 
28 3 7 34 6 8 50 32 26 14 25 55 16 10 1 9 68 35 27 12 60 17 49 37 31 20 62 40 36 
